crossing time (s)	slope (V/s)	crossing number
281474976710655.000000	10.294550	1481	0.000000
281474976710655.000000	10.663490	1482	0.000000
281474976710655.000000	10.467337	1483	0.000000
281474976710655.000000	10.434191	1484	0.000000
281474976710655.000000	10.250959	1485	0.000000
281474976710655.000000	12.022056	1486	0.000000
281474976710655.000000	14.031407	1487	0.000000
281474976710655.000000	11.740278	1488	0.000000
281474976710655.000000	11.842319	1489	0.000000
281474976710655.000000	12.844155	1490	0.000000
281474976710655.000000	9.861271	1491	0.000000
281474976710655.000000	10.807837	1492	0.000000
281474976710655.000000	12.836358	1493	0.000000
281474976710655.000000	12.510623	1494	0.000000
281474976710655.000000	11.265916	1495	0.000000
281474976710655.000000	9.984662	1496	0.000000
281474976710655.000000	12.772997	1497	0.000000
281474976710655.000000	11.746202	1498	0.000000
281474976710655.000000	11.683246	1499	0.000000
281474976710655.000000	10.164059	1500	0.000000
281474976710655.000000	10.173078	1501	0.000000
281474976710655.000000	12.735525	1502	0.000000
281474976710655.000000	11.367293	1503	0.000000
281474976710655.000000	11.399237	1504	0.000000
281474976710655.000000	9.891959	1505	0.000000
281474976710655.000000	9.223858	1506	0.000000
281474976710655.000000	11.213365	1507	0.000000
281474976710655.000000	10.120368	1508	0.000000
281474976710655.000000	11.433750	1509	0.000000
281474976710655.000000	12.525230	1510	0.000000
281474976710655.000000	11.035195	1511	0.000000
281474976710655.000000	10.570629	1512	0.000000
281474976710655.000000	10.057195	1513	0.000000
281474976710655.000000	10.880446	1514	0.000000
281474976710655.000000	11.955374	1515	0.000000
281474976710655.000000	10.592222	1516	0.000000
281474976710655.000000	11.800447	1517	0.000000
281474976710655.000000	11.870219	1518	0.000000
281474976710655.000000	11.122551	1519	0.000000
281474976710655.000000	11.886510	1520	0.000000
281474976710655.000000	9.689524	1521	0.000000
281474976710655.000000	12.105791	1522	0.000000
281474976710655.000000	10.017530	1523	0.000000
281474976710655.000000	9.984735	1524	0.000000
281474976710655.000000	12.223556	1525	0.000000
281474976710655.000000	11.338454	1526	0.000000
281474976710655.000000	11.849278	1527	0.000000
281474976710655.000000	11.986485	1528	0.000000
281474976710655.000000	10.506618	1529	0.000000
281474976710655.000000	10.354672	1530	0.000000
281474976710655.000000	10.989717	1531	0.000000
281474976710655.000000	10.769650	1532	0.000000
281474976710655.000000	11.339190	1533	0.000000
281474976710655.000000	10.474422	1534	0.000000
281474976710655.000000	9.292892	1535	0.000000
281474976710655.000000	12.083876	1536	0.000000
281474976710655.000000	11.099873	1537	0.000000
281474976710655.000000	11.051891	1538	0.000000
281474976710655.000000	10.910028	1539	0.000000
281474976710655.000000	10.105022	1540	0.000000
281474976710655.000000	11.876109	1541	0.000000
281474976710655.000000	11.716560	1542	0.000000
281474976710655.000000	10.605872	1543	0.000000
281474976710655.000000	10.824256	1544	0.000000
281474976710655.000000	11.118776	1545	0.000000
281474976710655.000000	11.239038	1546	0.000000
281474976710655.000000	11.422029	1547	0.000000
281474976710655.000000	9.832967	1548	0.000000
281474976710655.000000	9.457820	1549	0.000000
281474976710655.000000	11.539896	1550	0.000000
281474976710655.000000	9.628858	1551	0.000000
281474976710655.000000	10.690475	1552	0.000000
281474976710655.000000	10.525331	1553	0.000000
281474976710655.000000	11.938645	1554	0.000000
281474976710655.000000	9.720347	1555	0.000000
281474976710655.000000	10.851445	1556	0.000000
281474976710655.000000	10.747048	1557	0.000000
281474976710655.000000	11.558120	1558	0.000000
281474976710655.000000	11.514971	1559	0.000000
281474976710655.000000	10.063725	1560	0.000000
281474976710655.000000	10.726671	1561	0.000000
281474976710655.000000	8.674212	1562	0.000000
281474976710655.000000	11.219101	1563	0.000000
281474976710655.000000	10.792682	1564	0.000000
281474976710655.000000	11.192580	1565	0.000000
281474976710655.000000	9.914113	1566	0.000000
281474976710655.000000	9.529422	1567	0.000000
281474976710655.000000	9.033494	1568	0.000000
281474976710655.000000	11.277855	1569	0.000000
281474976710655.000000	9.359874	1570	0.000000
281474976710655.000000	11.396069	1571	0.000000
281474976710655.000000	10.925849	1572	0.000000
281474976710655.000000	9.805130	1573	0.000000
281474976710655.000000	10.425344	1574	0.000000
281474976710655.000000	10.886509	1575	0.000000
281474976710655.000000	10.985666	1576	0.000000
281474976710655.000000	10.625131	1577	0.000000
281474976710655.000000	10.179066	1578	0.000000
281474976710655.000000	11.566384	1579	0.000000
281474976710655.000000	10.868121	1580	0.000000
281474976710655.000000	11.726480	1581	0.000000
281474976710655.000000	11.941236	1582	0.000000
281474976710655.000000	9.862288	1583	0.000000
281474976710655.000000	10.919404	1584	0.000000
281474976710655.000000	10.164492	1585	0.000000
281474976710655.000000	11.955155	1586	0.000000
281474976710655.000000	10.373376	1587	0.000000
281474976710655.000000	9.772146	1588	0.000000
281474976710655.000000	8.514235	1589	0.000000
281474976710655.000000	10.054001	1590	0.000000
281474976710655.000000	10.846493	1591	0.000000
281474976710655.000000	10.554482	1592	0.000000
281474976710655.000000	10.132401	1593	0.000000
281474976710655.000000	10.076986	1594	0.000000
281474976710655.000000	9.990417	1595	0.000000
281474976710655.000000	9.250744	1596	0.000000
281474976710655.000000	10.898839	1597	0.000000
281474976710655.000000	10.450114	1598	0.000000
281474976710655.000000	9.500211	1599	0.000000
281474976710655.000000	11.204575	1600	0.000000
281474976710655.000000	10.241727	1601	0.000000
281474976710655.000000	11.015427	1602	0.000000
281474976710655.000000	10.231067	1603	0.000000
281474976710655.000000	10.289964	1604	0.000000
281474976710655.000000	10.161973	1605	0.000000
281474976710655.000000	11.079925	1606	0.000000
281474976710655.000000	9.415681	1607	0.000000
281474976710655.000000	10.894297	1608	0.000000
281474976710655.000000	10.255841	1609	0.000000
281474976710655.000000	9.851347	1610	0.000000
281474976710655.000000	10.455495	1611	0.000000
281474976710655.000000	9.425150	1612	0.000000
281474976710655.000000	10.615666	1613	0.000000
281474976710655.000000	10.654961	1614	0.000000
281474976710655.000000	8.901542	1615	0.000000
281474976710655.000000	11.025816	1616	0.000000
281474976710655.000000	10.129293	1617	0.000000
281474976710655.000000	11.249429	1618	0.000000
281474976710655.000000	9.987951	1619	0.000000
281474976710655.000000	10.699704	1620	0.000000
281474976710655.000000	9.711570	1621	0.000000
281474976710655.000000	9.284688	1622	0.000000
281474976710655.000000	10.414085	1623	0.000000
281474976710655.000000	8.143862	1624	0.000000
281474976710655.000000	9.118221	1625	0.000000
281474976710655.000000	9.914287	1626	0.000000
281474976710655.000000	9.679697	1627	0.000000
281474976710655.000000	11.735617	1628	0.000000
281474976710655.000000	9.918031	1629	0.000000
281474976710655.000000	10.210500	1630	0.000000
281474976710655.000000	9.727407	1631	0.000000
281474976710655.000000	8.992494	1632	0.000000
281474976710655.000000	9.488907	1633	0.000000
281474976710655.000000	10.255952	1634	0.000000
281474976710655.000000	9.652937	1635	0.000000
281474976710655.000000	10.386293	1636	0.000000
281474976710655.000000	10.818804	1637	0.000000
281474976710655.000000	10.331061	1638	0.000000
281474976710655.000000	9.680583	1639	0.000000
281474976710655.000000	9.793940	1640	0.000000
281474976710655.000000	10.087620	1641	0.000000
281474976710655.000000	9.504335	1642	0.000000
281474976710655.000000	9.881042	1643	0.000000
281474976710655.000000	9.207560	1644	0.000000
281474976710655.000000	9.019261	1645	0.000000
281474976710655.000000	10.563106	1646	0.000000
281474976710655.000000	9.512803	1647	0.000000
281474976710655.000000	9.101351	1648	0.000000
281474976710655.000000	8.885262	1649	0.000000
281474976710655.000000	8.953687	1650	0.000000
281474976710655.000000	9.703629	1651	0.000000
281474976710655.000000	8.894772	1652	0.000000
281474976710655.000000	9.809305	1653	0.000000
281474976710655.000000	9.603273	1654	0.000000
281474976710655.000000	10.003447	1655	0.000000
281474976710655.000000	9.525661	1656	0.000000
281474976710655.000000	9.109197	1657	0.000000
281474976710655.000000	8.538942	1658	0.000000
281474976710655.000000	9.043346	1659	0.000000
281474976710655.000000	9.518180	1660	0.000000
281474976710655.000000	10.171131	1661	0.000000
281474976710655.000000	9.011898	1662	0.000000
281474976710655.000000	9.295848	1663	0.000000
281474976710655.000000	9.100766	1664	0.000000
281474976710655.000000	9.585815	1665	0.000000
281474976710655.000000	9.045376	1666	0.000000
281474976710655.000000	9.441139	1667	0.000000
281474976710655.000000	9.330699	1668	0.000000
281474976710655.000000	8.774728	1669	0.000000
281474976710655.000000	8.669347	1670	0.000000
281474976710655.000000	8.815027	1671	0.000000
281474976710655.000000	9.606847	1672	0.000000
281474976710655.000000	8.988420	1673	0.000000
281474976710655.000000	8.892610	1674	0.000000
281474976710655.000000	9.081901	1675	0.000000
281474976710655.000000	10.125050	1676	0.000000
281474976710655.000000	9.397621	1677	0.000000
281474976710655.000000	9.937415	1678	0.000000
281474976710655.000000	9.233272	1679	0.000000
281474976710655.000000	9.474944	1680	0.000000
281474976710655.000000	9.658337	1681	0.000000
281474976710655.000000	8.855247	1682	0.000000
281474976710655.000000	10.233729	1683	0.000000
281474976710655.000000	9.334092	1684	0.000000
281474976710655.000000	9.219290	1685	0.000000
281474976710655.000000	9.457211	1686	0.000000
281474976710655.000000	9.403975	1687	0.000000
281474976710655.000000	8.575231	1688	0.000000
281474976710655.000000	9.369893	1689	0.000000
281474976710655.000000	9.500062	1690	0.000000
281474976710655.000000	9.087603	1691	0.000000
281474976710655.000000	9.554785	1692	0.000000
281474976710655.000000	9.169775	1693	0.000000
281474976710655.000000	9.003394	1694	0.000000
281474976710655.000000	8.443560	1695	0.000000
281474976710655.000000	9.361894	1696	0.000000
281474976710655.000000	8.598202	1697	0.000000
281474976710655.000000	8.998791	1698	0.000000
281474976710655.000000	9.173923	1699	0.000000
281474976710655.000000	10.272871	1700	0.000000
281474976710655.000000	9.262251	1701	0.000000
281474976710655.000000	10.044880	1702	0.000000
281474976710655.000000	9.337865	1703	0.000000
281474976710655.000000	9.575421	1704	0.000000
281474976710655.000000	9.522186	1705	0.000000
281474976710655.000000	9.317444	1706	0.000000
281474976710655.000000	9.230302	1707	0.000000
281474976710655.000000	8.654078	1708	0.000000
281474976710655.000000	9.164548	1709	0.000000
281474976710655.000000	8.950604	1710	0.000000
281474976710655.000000	8.660521	1711	0.000000
281474976710655.000000	8.914112	1712	0.000000
281474976710655.000000	9.029506	1713	0.000000
281474976710655.000000	8.585324	1714	0.000000
281474976710655.000000	8.638097	1715	0.000000
281474976710655.000000	8.554754	1716	0.000000
281474976710655.000000	9.079497	1717	0.000000
281474976710655.000000	9.351241	1718	0.000000
281474976710655.000000	8.052247	1719	0.000000
281474976710655.000000	8.823645	1720	0.000000
281474976710655.000000	8.628161	1721	0.000000
281474976710655.000000	9.860727	1722	0.000000
281474976710655.000000	8.815898	1723	0.000000
281474976710655.000000	8.764168	1724	0.000000
281474976710655.000000	8.850876	1725	0.000000
281474976710655.000000	9.034406	1726	0.000000
281474976710655.000000	8.392177	1727	0.000000
281474976710655.000000	8.956335	1728	0.000000
281474976710655.000000	8.940351	1729	0.000000
281474976710655.000000	8.623965	1730	0.000000
281474976710655.000000	8.643963	1731	0.000000
281474976710655.000000	8.656609	1732	0.000000
281474976710655.000000	8.368317	1733	0.000000
281474976710655.000000	8.495583	1734	0.000000
281474976710655.000000	9.051346	1735	0.000000
281474976710655.000000	8.589146	1736	0.000000
281474976710655.000000	8.162773	1737	0.000000
281474976710655.000000	8.811458	1738	0.000000
281474976710655.000000	8.353517	1739	0.000000
281474976710655.000000	8.644349	1740	0.000000
281474976710655.000000	8.189131	1741	0.000000
281474976710655.000000	8.213825	1742	0.000000
281474976710655.000000	8.693417	1743	0.000000
281474976710655.000000	8.726428	1744	0.000000
281474976710655.000000	8.780595	1745	0.000000
281474976710655.000000	8.425105	1746	0.000000
281474976710655.000000	9.335186	1747	0.000000
281474976710655.000000	7.843911	1748	0.000000
281474976710655.000000	8.359546	1749	0.000000
281474976710655.000000	8.375925	1750	0.000000
281474976710655.000000	8.452431	1751	0.000000
281474976710655.000000	8.735279	1752	0.000000
281474976710655.000000	8.689961	1753	0.000000
281474976710655.000000	8.113301	1754	0.000000
281474976710655.000000	8.451833	1755	0.000000
281474976710655.000000	8.198346	1756	0.000000
281474976710655.000000	8.745397	1757	0.000000
281474976710655.000000	8.580184	1758	0.000000
281474976710655.000000	8.236543	1759	0.000000
281474976710655.000000	8.394029	1760	0.000000
281474976710655.000000	8.343625	1761	0.000000
281474976710655.000000	8.397316	1762	0.000000
281474976710655.000000	8.922487	1763	0.000000
281474976710655.000000	10.070280	1764	0.000000
281474976710655.000000	8.540609	1765	0.000000
281474976710655.000000	8.425492	1766	0.000000
281474976710655.000000	8.013525	1767	0.000000
281474976710655.000000	9.038548	1768	0.000000
281474976710655.000000	8.531117	1769	0.000000
281474976710655.000000	8.589110	1770	0.000000
281474976710655.000000	7.960338	1771	0.000000
281474976710655.000000	8.759497	1772	0.000000
281474976710655.000000	8.782843	1773	0.000000
281474976710655.000000	9.015180	1774	0.000000
281474976710655.000000	8.682824	1775	0.000000
281474976710655.000000	8.921757	1776	0.000000
281474976710655.000000	7.761586	1777	0.000000
281474976710655.000000	8.720759	1778	0.000000
281474976710655.000000	8.061879	1779	0.000000
281474976710655.000000	8.973847	1780	0.000000
281474976710655.000000	8.112016	1781	0.000000
281474976710655.000000	8.645700	1782	0.000000
281474976710655.000000	8.426613	1783	0.000000
281474976710655.000000	8.456608	1784	0.000000
281474976710655.000000	8.220396	1785	0.000000
281474976710655.000000	8.184830	1786	0.000000
281474976710655.000000	7.768854	1787	0.000000
281474976710655.000000	8.350130	1788	0.000000
281474976710655.000000	8.450187	1789	0.000000
281474976710655.000000	8.709511	1790	0.000000
281474976710655.000000	7.964211	1791	0.000000
281474976710655.000000	8.545661	1792	0.000000
281474976710655.000000	7.945293	1793	0.000000
281474976710655.000000	9.206068	1794	0.000000
281474976710655.000000	8.053626	1795	0.000000
281474976710655.000000	7.921533	1796	0.000000
281474976710655.000000	7.928608	1797	0.000000
281474976710655.000000	8.198782	1798	0.000000
281474976710655.000000	7.598601	1799	0.000000
281474976710655.000000	8.000132	1800	0.000000
281474976710655.000000	8.129751	1801	0.000000
281474976710655.000000	8.592748	1802	0.000000
281474976710655.000000	7.738196	1803	0.000000
281474976710655.000000	8.511849	1804	0.000000
281474976710655.000000	7.780527	1805	0.000000
281474976710655.000000	7.552784	1806	0.000000
281474976710655.000000	7.882937	1807	0.000000
281474976710655.000000	8.268206	1808	0.000000
281474976710655.000000	8.300800	1809	0.000000
281474976710655.000000	8.210636	1810	0.000000
281474976710655.000000	8.141908	1811	0.000000
281474976710655.000000	7.881074	1812	0.000000
281474976710655.000000	8.140264	1813	0.000000
281474976710655.000000	8.302941	1814	0.000000
281474976710655.000000	8.298993	1815	0.000000
281474976710655.000000	8.088857	1816	0.000000
281474976710655.000000	7.968110	1817	0.000000
281474976710655.000000	7.636454	1818	0.000000
281474976710655.000000	8.342034	1819	0.000000
281474976710655.000000	7.576247	1820	0.000000
281474976710655.000000	8.342783	1821	0.000000
281474976710655.000000	8.184287	1822	0.000000
281474976710655.000000	8.032115	1823	0.000000
281474976710655.000000	7.717756	1824	0.000000
281474976710655.000000	8.215690	1825	0.000000
281474976710655.000000	7.806118	1826	0.000000
281474976710655.000000	7.639218	1827	0.000000
281474976710655.000000	7.757757	1828	0.000000
281474976710655.000000	8.162770	1829	0.000000
281474976710655.000000	7.664488	1830	0.000000
281474976710655.000000	7.333072	1831	0.000000
281474976710655.000000	8.034503	1832	0.000000
281474976710655.000000	8.139277	1833	0.000000
281474976710655.000000	8.375260	1834	0.000000
281474976710655.000000	7.873220	1835	0.000000
281474976710655.000000	7.892586	1836	0.000000
281474976710655.000000	7.898829	1837	0.000000
281474976710655.000000	7.950763	1838	0.000000
281474976710655.000000	7.414242	1839	0.000000
281474976710655.000000	7.785366	1840	0.000000
281474976710655.000000	7.960022	1841	0.000000
281474976710655.000000	7.926757	1842	0.000000
281474976710655.000000	7.339828	1843	0.000000
281474976710655.000000	7.832709	1844	0.000000
281474976710655.000000	7.663517	1845	0.000000
281474976710655.000000	8.032213	1846	0.000000
281474976710655.000000	7.436974	1847	0.000000
281474976710655.000000	7.421129	1848	0.000000
281474976710655.000000	7.520699	1849	0.000000
281474976710655.000000	8.081352	1850	0.000000
281474976710655.000000	7.600093	1851	0.000000
281474976710655.000000	8.176508	1852	0.000000
281474976710655.000000	7.753819	1853	0.000000
281474976710655.000000	8.440865	1854	0.000000
281474976710655.000000	7.466122	1855	0.000000
281474976710655.000000	7.598329	1856	0.000000
281474976710655.000000	7.187985	1857	0.000000
281474976710655.000000	7.777073	1858	0.000000
281474976710655.000000	7.127027	1859	0.000000
281474976710655.000000	7.617180	1860	0.000000
281474976710655.000000	6.943804	1861	0.000000
281474976710655.000000	7.403092	1862	0.000000
281474976710655.000000	7.265591	1863	0.000000
281474976710655.000000	7.524476	1864	0.000000
281474976710655.000000	7.229001	1865	0.000000
281474976710655.000000	7.338343	1866	0.000000
281474976710655.000000	6.966969	1867	0.000000
281474976710655.000000	7.420355	1868	0.000000
281474976710655.000000	7.067326	1869	0.000000
281474976710655.000000	7.224305	1870	0.000000
281474976710655.000000	7.149992	1871	0.000000
281474976710655.000000	7.189006	1872	0.000000
281474976710655.000000	7.068539	1873	0.000000
281474976710655.000000	7.470847	1874	0.000000
281474976710655.000000	6.966504	1875	0.000000
281474976710655.000000	7.013047	1876	0.000000
281474976710655.000000	7.144780	1877	0.000000
281474976710655.000000	7.077152	1878	0.000000
281474976710655.000000	7.037328	1879	0.000000
281474976710655.000000	7.125694	1880	0.000000
281474976710655.000000	7.102820	1881	0.000000
281474976710655.000000	7.087283	1882	0.000000
281474976710655.000000	7.290712	1883	0.000000
281474976710655.000000	7.246283	1884	0.000000
281474976710655.000000	7.185252	1885	0.000000
281474976710655.000000	7.377464	1886	0.000000
281474976710655.000000	7.222403	1887	0.000000
281474976710655.000000	6.984231	1888	0.000000
281474976710655.000000	7.228983	1889	0.000000
281474976710655.000000	7.596226	1890	0.000000
281474976710655.000000	7.269063	1891	0.000000
281474976710655.000000	7.235228	1892	0.000000
281474976710655.000000	7.241351	1893	0.000000
281474976710655.000000	7.285815	1894	0.000000
281474976710655.000000	7.313124	1895	0.000000
281474976710655.000000	7.275977	1896	0.000000
281474976710655.000000	7.132699	1897	0.000000
281474976710655.000000	7.614635	1898	0.000000
281474976710655.000000	7.371652	1899	0.000000
281474976710655.000000	7.455003	1900	0.000000
281474976710655.000000	7.380581	1901	0.000000
281474976710655.000000	7.205082	1902	0.000000
281474976710655.000000	6.808759	1903	4216158720.000000
281474976710655.000000	7.455245	1904	4217217536.000000
281474976710655.000000	7.180354	1905	4218241024.000000
281474976710655.000000	7.835855	1906	4219298560.000000
281474976710655.000000	7.288701	1907	4220321280.000000
281474976710655.000000	7.694733	1908	4221378816.000000
281474976710655.000000	7.313634	1909	4222402560.000000
281474976710655.000000	7.710040	1910	4223461120.000000
281474976710655.000000	7.078433	1911	4224483072.000000
281474976710655.000000	7.630286	1912	4225541120.000000
281474976710655.000000	6.987280	1913	4226567168.000000
281474976710655.000000	7.560725	1914	4227621376.000000
281474976710655.000000	7.579794	1915	4228645120.000000
281474976710655.000000	7.643965	1916	4229703168.000000
281474976710655.000000	7.233710	1917	4230729984.000000
281474976710655.000000	9.076792	1918	4231803904.000000
281474976710655.000000	8.516862	1919	4232849408.000000
281474976710655.000000	8.538113	1920	4233943552.000000
281474976710655.000000	8.483131	1921	4235002880.000000
281474976710655.000000	7.830303	1922	4236072960.000000
281474976710655.000000	7.977013	1923	4237102080.000000
281474976710655.000000	9.196484	1924	4238156544.000000
281474976710655.000000	8.646778	1925	4239183104.000000
281474976710655.000000	7.996799	1926	4240244992.000000
281474976710655.000000	9.879339	1927	4241269760.000000
281474976710655.000000	7.727361	1928	4242326272.000000
281474976710655.000000	8.133011	1929	4243352576.000000
281474976710655.000000	8.834016	1930	4244411904.000000
281474976710655.000000	10.072822	1931	4245436672.000000
281474976710655.000000	8.874002	1932	4246495232.000000
281474976710655.000000	9.006727	1933	4247521536.000000
281474976710655.000000	10.195940	1934	4248579328.000000
281474976710655.000000	9.546843	1935	4249604608.000000
281474976710655.000000	9.170177	1936	4250663936.000000
281474976710655.000000	10.239427	1937	4251689984.000000
281474976710655.000000	14.179159	1938	4252710144.000000
281474976710655.000000	68.328003	1939	4253515008.000000
281474976710655.000000	4.033103	1940	4259329280.000000
281474976710655.000000	6.852452	1941	4261586944.000000
281474976710655.000000	13.589251	1942	4263163648.000000
281474976710655.000000	14.033209	1943	4264073472.000000
281474976710655.000000	20.728310	1944	4264962048.000000
281474976710655.000000	15.694420	1945	4266015744.000000
281474976710655.000000	16.736778	1946	4267045888.000000
281474976710655.000000	16.496130	1947	4268096256.000000
281474976710655.000000	17.607412	1948	4269129472.000000
281474976710655.000000	13.435245	1949	4270175744.000000
281474976710655.000000	13.583311	1950	4271213056.000000
281474976710655.000000	22.014969	1951	4272255232.000000
281474976710655.000000	14.776763	1952	4273297408.000000
281474976710655.000000	17.088318	1953	4274335232.000000
281474976710655.000000	13.675793	1954	0.000000
281474976710655.000000	17.461014	1955	0.000000
281474976710655.000000	13.917593	1956	0.000000
281474976710655.000000	19.297190	1957	0.000000
281474976710655.000000	13.824519	1958	0.000000
281474976710655.000000	16.670828	1959	0.000000
281474976710655.000000	14.724937	1960	0.000000
281474976710655.000000	16.660732	1961	0.000000
281474976710655.000000	14.348312	1962	0.000000
281474976710655.000000	13.265602	1963	0.000000
281474976710655.000000	14.943608	1964	0.000000
281474976710655.000000	12.976978	1965	0.000000
281474976710655.000000	15.261682	1966	0.000000
281474976710655.000000	12.853150	1967	0.000000
281474976710655.000000	15.487854	1968	0.000000
281474976710655.000000	13.450788	1969	0.000000
281474976710655.000000	18.481100	1970	0.000000
281474976710655.000000	20.634588	1971	0.000000
281474976710655.000000	17.806236	1972	0.000000
281474976710655.000000	13.552145	1973	0.000000
281474976710655.000000	12.874862	1974	0.000000
281474976710655.000000	13.031790	1975	0.000000
281474976710655.000000	14.432016	1976	0.000000
281474976710655.000000	19.620346	1977	0.000000
281474976710655.000000	14.236008	1978	0.000000
281474976710655.000000	20.457005	1979	0.000000
281474976710655.000000	12.199143	1980	0.000000
281474976710655.000000	22.008093	1981	0.000000
281474976710655.000000	14.543491	1982	0.000000
281474976710655.000000	13.143569	1983	0.000000
281474976710655.000000	14.916840	1984	0.000000
281474976710655.000000	14.333354	1985	0.000000
281474976710655.000000	15.777611	1986	0.000000
281474976710655.000000	20.088566	1987	0.000000
281474976710655.000000	12.872421	1988	0.000000
281474976710655.000000	17.912178	1989	0.000000
281474976710655.000000	15.221409	1990	0.000000
281474976710655.000000	15.361727	1991	0.000000
281474976710655.000000	16.821205	1992	0.000000
281474976710655.000000	12.956110	1993	0.000000
281474976710655.000000	16.120867	1994	0.000000
281474976710655.000000	16.893724	1995	0.000000
281474976710655.000000	16.795568	1996	0.000000
281474976710655.000000	16.945927	1997	0.000000
281474976710655.000000	13.058034	1998	0.000000
281474976710655.000000	20.148317	1999	0.000000
281474976710655.000000	16.558407	2000	0.000000
281474976710655.000000	16.533970	2001	0.000000
281474976710655.000000	15.526761	2002	0.000000
281474976710655.000000	12.387346	2003	0.000000
281474976710655.000000	16.670424	2004	0.000000
281474976710655.000000	21.212275	2005	0.000000
281474976710655.000000	14.008161	2006	0.000000
281474976710655.000000	11.673476	2007	0.000000
281474976710655.000000	15.318354	2008	0.000000
281474976710655.000000	16.642464	2009	0.000000
281474976710655.000000	12.944533	2010	0.000000
281474976710655.000000	17.636578	2011	0.000000
281474976710655.000000	11.817919	2012	0.000000
281474976710655.000000	13.137608	2013	0.000000
281474976710655.000000	19.242687	2014	0.000000
281474976710655.000000	12.765765	2015	0.000000
281474976710655.000000	16.235006	2016	0.000000
281474976710655.000000	14.548565	2017	0.000000
281474976710655.000000	19.157211	2018	0.000000
281474976710655.000000	16.370857	2019	0.000000
281474976710655.000000	17.754732	2020	0.000000
281474976710655.000000	15.783786	2021	0.000000
281474976710655.000000	15.722446	2022	0.000000
281474976710655.000000	15.766816	2023	0.000000
281474976710655.000000	16.782715	2024	0.000000
281474976710655.000000	13.998190	2025	0.000000
281474976710655.000000	15.404737	2026	0.000000
