phase 	duration 	Average energy(mJ)	half cycles 	elapsed time 	life slope 	life ampsq	energy change (mJ)	coil energy 	energy loss (uJ)	energy change plus loss over coil
45	5	3.366	120	124.9	931.9	971.9	0.667	7.6	432.78	0.145
45	5	3.866	120	124.945	931.9	971.9	2.07	7.979	497.01	0.326
45	5	3.865	120	124.95	931.9	971.9	1.692	7.7	473.755	0.2727
45	20	5.864	122	129.227	931.9	971.9	5.633	7.7	764.78	0.831
45	20	5.8	121	127.138	931.9	971.9	4.742	6.787	752.14	0.714
45	20	5.441	121	127.16	931.9	971.9	4.991	7.842	706.208	0.73
45	30	6.63	121	127.169	931.9	971.9	6.869	7.934	860.815	0.974
45	30	6.852	120	129.28	931.9	971.9	7.06	7.2	881.94	1.1
45	30	7.18	120	127.168	931.9	971.9	6.41	7.3	923.951	0.995
30	5	3.113	122	127.02	931.9	971.9	1.56	8.892	406.71	0.227
30	5	4.117	120	124.92	931.9	971.9	1.31	10.8	529.143	