crossing time (s)	slope (V/s)	crossing number
281474976710655.000000	4.340952	1999	2193244928.000000
281474976710655.000000	4.341676	2000	2194238208.000000
281474976710655.000000	4.316652	2001	2195324416.000000
281474976710655.000000	4.289427	2002	2196319744.000000
281474976710655.000000	4.228087	2003	2197406976.000000
281474976710655.000000	4.294582	2004	2198402560.000000
281474976710655.000000	4.363388	2005	2199490816.000000
281474976710655.000000	4.569623	2006	2200486656.000000
281474976710655.000000	4.525594	2007	2201573120.000000
281474976710655.000000	4.645370	2008	2202567680.000000
281474976710655.000000	4.393663	2009	2203655424.000000
281474976710655.000000	4.424453	2010	2204650496.000000
281474976710655.000000	4.430411	2011	2205736448.000000
281474976710655.000000	4.751807	2012	2206739712.000000
281474976710655.000000	4.295661	2013	2207814912.000000
281474976710655.000000	4.902189	2014	2208817664.000000
281474976710655.000000	4.624216	2015	2209895424.000000
281474976710655.000000	5.019427	2016	2210901248.000000
281474976710655.000000	4.652793	2017	2211981056.000000
281474976710655.000000	4.679053	2018	2212983808.000000
281474976710655.000000	4.738822	2019	2214062848.000000
281474976710655.000000	4.915546	2020	2215067392.000000
281474976710655.000000	4.962912	2021	2216144896.000000
281474976710655.000000	4.881339	2022	2217150208.000000
281474976710655.000000	4.869813	2023	2218230272.000000
281474976710655.000000	4.879174	2024	2219232768.000000
281474976710655.000000	4.706820	2025	2220310528.000000
281474976710655.000000	4.657961	2026	2221312768.000000
281474976710655.000000	4.781421	2027	2222393600.000000
281474976710655.000000	4.758413	2028	2223398912.000000
281474976710655.000000	4.607944	2029	2224474368.000000
281474976710655.000000	5.094141	2030	2225480448.000000
281474976710655.000000	4.765764	2031	2226555904.000000
281474976710655.000000	5.127641	2032	2227564544.000000
281474976710655.000000	4.955276	2033	2228641792.000000
281474976710655.000000	5.170599	2034	2229644544.000000
281474976710655.000000	4.627842	2035	2230722048.000000
281474976710655.000000	4.738217	2036	2231726848.000000
281474976710655.000000	4.932924	2037	2232804352.000000
281474976710655.000000	5.098108	2038	2233809152.000000
281474976710655.000000	4.926092	2039	2234886656.000000
281474976710655.000000	5.232970	2040	2235890688.000000
281474976710655.000000	5.142833	2041	2236967936.000000
281474976710655.000000	5.232057	2042	2237976064.000000
281474976710655.000000	5.020868	2043	2239051264.000000
281474976710655.000000	5.027485	2044	2240058368.000000
281474976710655.000000	5.055711	2045	2241134592.000000
281474976710655.000000	5.246214	2046	2242139136.000000
281474976710655.000000	5.196348	2047	2243216896.000000
281474976710655.000000	5.352850	2048	2244222976.000000
281474976710655.000000	5.116417	2049	2245299200.000000
281474976710655.000000	5.538697	2050	2246305280.000000
281474976710655.000000	5.388282	2051	2247381504.000000
281474976710655.000000	5.489270	2052	2248388352.000000
281474976710655.000000	5.324068	2053	2249462272.000000
281474976710655.000000	5.617963	2054	2250469120.000000
281474976710655.000000	5.418452	2055	2251546368.000000
281474976710655.000000	5.478511	2056	2252552960.000000
281474976710655.000000	5.234311	2057	2253628160.000000
281474976710655.000000	5.764712	2058	2254633472.000000
281474976710655.000000	5.588440	2059	2255710720.000000
281474976710655.000000	5.634322	2060	2256716544.000000
281474976710655.000000	5.315022	2061	2257790976.000000
281474976710655.000000	5.884350	2062	2258798848.000000
281474976710655.000000	5.707502	2063	2259874560.000000
281474976710655.000000	6.163412	2064	2260882688.000000
281474976710655.000000	5.531772	2065	2261955840.000000
281474976710655.000000	5.881910	2066	2262962176.000000
281474976710655.000000	5.606049	2067	2264038912.000000
281474976710655.000000	5.907819	2068	2265046528.000000
281474976710655.000000	5.764558	2069	2266121216.000000
281474976710655.000000	5.760342	2070	2267127808.000000
281474976710655.000000	5.746969	2071	2268202496.000000
281474976710655.000000	5.780020	2072	2269210880.000000
281474976710655.000000	5.687992	2073	2270285312.000000
281474976710655.000000	5.775867	2074	2271291904.000000
281474976710655.000000	5.871563	2075	2272368128.000000
281474976710655.000000	6.067791	2076	2273376512.000000
281474976710655.000000	5.877455	2077	2274449408.000000
281474976710655.000000	6.095084	2078	2275457792.000000
281474976710655.000000	6.047803	2079	2276531712.000000
281474976710655.000000	5.948260	2080	2277540096.000000
281474976710655.000000	5.865168	2081	2278614528.000000
281474976710655.000000	6.108912	2082	2279620864.000000
281474976710655.000000	6.042647	2083	2280698368.000000
281474976710655.000000	6.137794	2084	2281703680.000000
281474976710655.000000	6.112102	2085	2282778624.000000
281474976710655.000000	6.070552	2086	2283785728.000000
281474976710655.000000	6.170070	2087	2284860160.000000
281474976710655.000000	6.056961	2088	2285868288.000000
281474976710655.000000	6.141799	2089	2286943232.000000
281474976710655.000000	6.060279	2090	2287954176.000000
281474976710655.000000	5.960386	2091	2289023744.000000
281474976710655.000000	6.459114	2092	2290035456.000000
281474976710655.000000	6.294044	2093	2291107584.000000
281474976710655.000000	6.472381	2094	2292116736.000000
281474976710655.000000	6.120680	2095	2293188352.000000
281474976710655.000000	6.384858	2096	2294200064.000000
281474976710655.000000	6.329400	2097	2295270912.000000
281474976710655.000000	6.358104	2098	2296281856.000000
281474976710655.000000	5.757515	2099	2297355008.000000
281474976710655.000000	6.445241	2100	2298364928.000000
281474976710655.000000	6.014273	2101	2299433728.000000
281474976710655.000000	6.238540	2102	2300446464.000000
281474976710655.000000	6.081070	2103	2301516544.000000
281474976710655.000000	6.192069	2104	2302527232.000000
281474976710655.000000	6.096606	2105	2303598336.000000
281474976710655.000000	6.393247	2106	2304608768.000000
281474976710655.000000	6.215949	2107	2305682432.000000
281474976710655.000000	6.288560	2108	2306691328.000000
281474976710655.000000	6.308356	2109	2307763712.000000
281474976710655.000000	6.339788	2110	2308773888.000000
281474976710655.000000	6.448431	2111	2309846272.000000
281474976710655.000000	6.677767	2112	2310853632.000000
281474976710655.000000	5.970333	2113	2311929600.000000
281474976710655.000000	6.541594	2114	2312934400.000000
281474976710655.000000	6.124637	2115	2314012416.000000
281474976710655.000000	6.426821	2116	2315017728.000000
281474976710655.000000	6.195164	2117	2316093184.000000
281474976710655.000000	6.629472	2118	2317099776.000000
281474976710655.000000	6.238414	2119	2318173952.000000
281474976710655.000000	6.742854	2120	2319184640.000000
281474976710655.000000	6.526633	2121	2320256768.000000
281474976710655.000000	6.697368	2122	2321265664.000000
281474976710655.000000	6.354488	2123	2322338048.000000
281474976710655.000000	6.856119	2124	2323348992.000000
281474976710655.000000	6.483202	2125	2324419072.000000
281474976710655.000000	6.657935	2126	2325431296.000000
281474976710655.000000	6.415757	2127	2326502400.000000
281474976710655.000000	6.992248	2128	2327512064.000000
