time (s)	energy (uJ)	charge (mC)	voltage (mV)	crossing#mod 255
2553.115608	58.705505	0.035935	1.633680	20
2554.125932	67.284180	0.035941	1.872096	21
2555.156617	62.837864	0.035936	1.748605	22
2556.222685	65.065140	0.035938	1.810493	23
2557.277080	61.672787	0.035936	1.716182	24
2558.303674	61.424843	0.035935	1.709336	25
2559.361040	58.470306	0.035935	1.627103	26
2560.416320	49.770908	0.035934	1.385079	27
2561.434916	58.470409	0.035935	1.627129	28
2562.474586	59.364120	0.035935	1.651996	29
2563.520850	61.350086	0.035934	1.707287	30
2564.561567	65.304131	0.035940	1.817044	31
2565.601313	61.392860	0.035938	1.708321	32
2566.637766	62.037258	0.035934	1.726438	33
2567.689388	59.009079	0.035937	1.642003	34
2568.711695	67.840866	0.035934	1.887923	35
2569.777817	56.418434	0.035935	1.570012	36
2570.795059	64.646973	0.035939	1.798781	37
2571.861227	60.660530	0.035936	1.688009	38
2572.879374	66.763588	0.035934	1.857964	39
2573.950026	56.155785	0.035941	1.562431	40
2574.950088	66.265266	0.035936	1.843977	41
2576.036457	58.361073	0.035936	1.624032	42
2577.032288	69.200073	0.035939	1.925468	43
2578.118810	58.429825	0.035934	1.626030	44
2579.115182	70.782204	0.035939	1.969513	45
2580.195069	58.009815	0.035934	1.614329	46
2581.202289	69.253067	0.035940	1.926905	47
2582.275325	58.208878	0.035935	1.619857	48
2583.289893	65.594727	0.035936	1.825306	49
2584.356248	61.716557	0.035938	1.717315	50
2585.377297	68.109428	0.035936	1.895312	51
2586.433384	61.270039	0.035935	1.705038	52
2587.527907	47.053837	0.035937	1.309337	53
2588.512885	63.121105	0.035935	1.756529	54
2589.543028	68.115845	0.035939	1.895331	55
2590.588349	62.774441	0.035939	1.746695	56
2591.636530	63.585369	0.035935	1.769434	57
2592.673599	65.691063	0.035936	1.828000	58
2593.727458	61.339245	0.035934	1.706977	59
2594.748405	63.244003	0.035939	1.759770	60
2595.801900	63.461910	0.035937	1.765897	61
2596.829572	67.173531	0.035938	1.869154	62
2597.882485	63.631592	0.035937	1.770651	63
2598.910782	66.129814	0.035935	1.840285	64
2599.970547	62.684910	0.035934	1.744443	65
2600.999995	64.790436	0.035938	1.802844	66
2602.048100	63.374382	0.035935	1.763580	67
2603.072449	66.527878	0.035936	1.851282	68
2604.161092	53.809765	0.035937	1.497329	69
2605.166478	63.722168	0.035937	1.773187	70
2606.203692	66.661034	0.035935	1.855045	71
2607.248435	62.579079	0.035937	1.741352	72
2608.288110	63.776581	0.035936	1.774734	73
2609.341001	61.959408	0.035935	1.724196	74
2610.364120	67.109161	0.035938	1.867360	75
2611.428090	59.309391	0.035935	1.650440	76
2612.444630	65.583076	0.035934	1.825109	77
2613.505168	62.492760	0.035938	1.738925	78
2614.527759	67.193375	0.035940	1.869592	79
2615.595599	57.937595	0.035940	1.612068	80
2616.608816	66.548737	0.035934	1.851947	81
2617.670695	61.896561	0.035936	1.722410	82
2618.690494	67.619148	0.035936	1.881633	83
2619.753446	58.198074	0.035940	1.619310	84
2620.783255	65.084930	0.035940	1.810926	85
2621.827883	64.450974	0.035935	1.793550	86
2622.837477	74.827873	0.035936	2.082280	87
2623.959451	44.985909	0.035941	1.251674	88
2624.950029	64.820541	0.035935	1.803820	89
2625.991797	83.229820	0.035936	2.316038	90
2627.036562	62.691460	0.035938	1.744441	91
2628.074006	63.185585	0.035934	1.758374	92
2629.121032	62.357075	0.035935	1.735262	93
2630.148699	66.167381	0.035939	1.841094	94
2631.202803	63.142296	0.035936	1.757083	95
2632.233455	65.430244	0.035934	1.820845	96
2633.288816	62.479252	0.035934	1.738743	97
2634.315404	65.988411	0.035933	1.836410	98
2635.360839	66.023560	0.035940	1.837034	99
2636.400513	63.964077	0.035937	1.779879	100
2637.444934	65.458946	0.035935	1.821578	101
2638.478244	66.955658	0.035941	1.862911	102
2639.525148	66.296654	0.035936	1.844865	103
2640.566030	64.805763	0.035938	1.803262	104
2641.608663	66.052330	0.035937	1.837985	105
2642.645501	66.840179	0.035935	1.860013	106
2643.690386	64.997467	0.035933	1.808842	107
2644.731689	64.240440	0.035935	1.787661	108
2645.769006	67.098633	0.035933	1.867330	109
2646.815346	65.166489	0.035935	1.813442	110
2647.837387	71.678978	0.035934	1.994734	111
2648.901458	63.364697	0.035937	1.763231	112
2649.870296	89.412796	0.035933	2.488303	113
2650.980273	65.215149	0.035938	1.814663	114
2652.012644	67.217766	0.035936	1.870508	115
2653.063833	64.948524	0.035941	1.807106	116
2654.091651	69.245720	0.035934	1.927014	117
2655.152989	61.946697	0.035934	1.723897	118
2656.171648	68.751678	0.035933	1.913307	119
2657.228148	64.661301	0.035940	1.799163	120
2658.260571	67.228165	0.035935	1.870834	121
2659.312738	64.845146	0.035936	1.804440	122
2660.338532	68.610062	0.035937	1.909181	123
2661.397059	63.738251	0.035936	1.773649	124
2662.419326	69.894753	0.035934	1.945107	125
2663.479626	64.630714	0.035939	1.798344	126
2664.502584	68.545204	0.035938	1.907313	127
2665.561073	63.306511	0.035938	1.761549	128
2666.618604	50.351780	0.035934	1.401244	129
2667.656664	60.273125	0.035933	1.677359	130
2668.656924	69.367340	0.035935	1.930330	131
2669.733838	61.664528	0.035937	1.715915	132
2670.742614	68.672867	0.035935	1.911032	133
2671.815649	61.225937	0.035938	1.703675	134
2672.820364	69.944885	0.035939	1.946200	135
2673.898274	59.824440	0.035933	1.664884	136
2674.901622	70.158310	0.035936	1.952319	137
2675.985488	59.923954	0.035934	1.667628	138
2676.984189	68.966835	0.035934	1.919283	139
2678.053478	64.671310	0.035936	1.799607	140
2679.072019	67.285416	0.035933	1.872545	141
2680.178472	50.599480	0.035934	1.408124	142
2681.151101	67.958549	0.035935	1.891165	143
2682.177830	81.181190	0.035931	2.259381	144
2683.231209	68.954521	0.035937	1.918776	145
2684.310698	60.109039	0.035933	1.672797	146
2685.318956	66.328384	0.035939	1.845602	147
2686.387713	62.307434	0.035932	1.734047	148
2687.235878	85.057243	0.035939	2.366721	149
2688.469067	62.054241	0.035938	1.726716	150
2689.479775	67.579735	0.035934	1.880678	151
2690.551318	61.038342	0.035934	1.698601	152
