time (s)	energy (uJ)	charge (mC)	voltage (mV)	crossing#mod 255
4494.588385	51.211758	0.035935	1.425133	46
4495.736308	34.149395	0.035934	0.950342	47
4496.766561	51.998154	0.035936	1.446949	48
4497.827985	44.838310	0.035934	1.247800	49
4498.807555	46.219490	0.035940	1.286014	50
4499.915391	43.462784	0.035938	1.209393	51
4500.962190	51.463646	0.035938	1.432016	52
4501.948918	55.887711	0.035937	1.555176	53
4503.005493	56.104355	0.035934	1.561324	54
4504.109541	49.510937	0.035935	1.377791	55
4505.086890	51.852890	0.035932	1.443082	56
4506.189452	54.741215	0.035937	1.523273	57
4508.282570	42.875698	0.035940	1.192967	59
4509.273952	66.624413	0.035933	1.854131	60
4510.349987	53.041740	0.035941	1.475805	61
4511.356044	60.667789	0.035938	1.688146	62
4513.511055	67.830360	0.035936	1.887542	64
4514.591736	51.758316	0.035936	1.440282	65
4515.515137	78.262817	0.035936	2.177849	66
4516.648507	50.662865	0.035938	1.409731	67
4517.634701	68.610832	0.035935	1.909326	68
4518.732550	63.202827	0.035933	1.758920	69
4519.506338	15.116527	0.035937	0.420638	70
4520.818470	66.437256	0.035935	1.848820	71
4521.898627	27.678673	0.035934	0.770272	72
4522.903017	59.564865	0.035939	1.657367	73
4523.947120	63.668198	0.035936	1.771734	74
4525.005988	61.248680	0.035936	1.704389	75
4526.040974	69.540237	0.035939	1.934960	76
4527.022476	81.692902	0.035934	2.273400	77
4528.128656	66.718056	0.035940	1.856385	78
4529.217061	59.199902	0.035934	1.647466	79
4530.248685	38.195442	0.035933	1.062960	80
4531.261215	62.018253	0.035936	1.725789	81
4532.306417	64.540962	0.035937	1.795961	82
4533.382485	59.431381	0.035933	1.653932	83
4534.349412	77.450691	0.035939	2.155044	84
4535.386121	90.800125	0.035936	2.526743	85
4536.430477	79.449158	0.035940	2.210621	86
4537.501976	78.205177	0.035935	2.176288	87
4538.523463	78.525970	0.035934	2.185304	88
4539.846787	12.383559	0.035938	0.344577	89
4540.609528	80.662170	0.035932	2.244845	90
4541.682070	70.075325	0.035934	1.950137	91
4542.790266	38.638218	0.035935	1.075228	92
4543.750903	81.697891	0.035933	2.273596	93
4544.788886	76.296432	0.035938	2.122978	94
4545.840236	83.571869	0.035936	2.325546	95
4546.826908	99.803879	0.035933	2.777474	96
4548.033074	39.472931	0.035934	1.098490	97
4548.940424	87.105270	0.035934	2.424012	98
4550.080813	54.445427	0.035936	1.515062	99
4551.088108	57.135231	0.035937	1.589881	100
4552.122817	68.858200	0.035936	1.916161	101
4553.067768	107.943932	0.035932	3.004092	102
4554.296539	33.322994	0.035937	0.927265	103
4555.255300	54.445229	0.035936	1.515081	104
4556.345074	50.690933	0.035937	1.410551	105
4557.283954	78.072105	0.035935	2.172617	106
4558.285308	107.401474	0.035933	2.988941	107
4559.314526	111.265739	0.035935	3.096294	108
4560.460372	67.674751	0.035936	1.883199	109
4561.460745	75.672447	0.035933	2.105932	110
4562.551931	64.764053	0.035937	1.802140	111
4563.530282	84.810875	0.035937	2.359977	112
4564.632264	68.951996	0.035932	1.918953	113
4565.627007	77.522240	0.035933	2.157404	114
4566.694711	85.640862	0.035935	2.383217	115
4567.720862	72.268097	0.035933	2.011204	116
4568.856049	45.368271	0.035935	1.262506	117
4569.848549	48.348885	0.035936	1.345423	118
4570.827888	105.121574	0.035935	2.925323	119
4571.892921	67.234795	0.035937	1.870928	120
4573.977117	68.834625	0.035936	1.915491	122
4575.012759	98.147705	0.035934	2.731329	123
4576.065172	66.172997	0.035936	1.841405	124
4577.176938	47.050785	0.035934	1.309379	125
4578.046276	134.569778	0.035938	3.744534	126
4579.316905	27.438280	0.035933	0.763599	127
4580.201172	86.820724	0.035934	2.416127	128
4581.347054	44.649662	0.035936	1.242467	129
4582.322950	58.827671	0.035935	1.637040	130
4583.441033	40.494034	0.035935	1.126873	131
4584.392275	71.824684	0.035933	1.998827	132
4585.474386	61.987732	0.035935	1.724985	133
4586.528503	39.681843	0.035936	1.104238	134
4587.589932	45.442131	0.035938	1.264472	135
4588.576886	58.319515	0.035931	1.623077	136
4589.694869	37.110058	0.035934	1.032724	137
4590.639450	69.886841	0.035938	1.944652	138
4591.728803	55.793629	0.035940	1.552425	139
4592.702071	88.970451	0.035935	2.475896	140
4593.796824	67.582993	0.035938	1.880527	141
4594.936587	9.873415	0.035934	0.274764	142
4595.872861	73.145599	0.035931	2.035714	143
4596.868427	84.629822	0.035935	2.355058	144
4597.965344	63.789837	0.035935	1.775133	145
4598.952576	84.363281	0.035937	2.347558	146
4600.241239	-3.066698	0.035934	-0.085341	147
4601.064826	58.903221	0.035936	1.639104	148
4602.188918	36.705780	0.035935	1.021442	149
4603.137345	67.718750	0.035932	1.884649	150
4604.373316	-17.616224	0.035935	-0.490222	151
4605.242180	52.656906	0.035936	1.465310	152
4606.272457	80.387482	0.035935	2.236998	153
4607.314137	60.140213	0.035936	1.673555	154
4608.385949	55.190109	0.035939	1.535679	155
4609.473610	24.517366	0.035935	0.682279	156
4611.571282	15.255028	0.035937	0.424493	158
4612.620769	26.272898	0.035932	0.731175	159
4613.574132	53.044930	0.035938	1.476024	160
4614.630255	56.164146	0.035940	1.562724	161
4615.560458	140.096512	0.035933	3.898813	162
4616.690943	76.189133	0.035933	2.120287	163
4617.693688	89.090492	0.035934	2.479261	164
4618.804623	51.542568	0.035934	1.434383	165
4619.807893	58.761429	0.035936	1.635156	166
4620.796594	128.574539	0.035933	3.578184	167
4621.940644	32.464645	0.035938	0.903347	168
4622.969455	52.689228	0.035939	1.466089	169
4624.089796	-0.692486	0.035938	-0.019269	170
4625.004086	95.598854	0.035935	2.660353	171
4626.037577	71.201668	0.035935	1.981402	172
4627.180253	33.878178	0.035934	0.942780	173
4628.187497	30.871422	0.035932	0.859166	174
4629.164615	99.730537	0.035934	2.775403	175
4630.222096	57.887489	0.035932	1.611009	176
4631.343684	34.708122	0.035933	0.965910	177
4632.302335	57.733948	0.035937	1.606525	178
4633.532881	4.960664	0.035940	0.138027	179
4634.309052	136.915833	0.035936	3.810015	180
4635.506735	33.658287	0.035933	0.936687	181
4636.449101	72.180153	0.035940	2.008360	182
4637.596507	31.101419	0.035940	0.865370	183
4638.557900	49.687492	0.035934	1.382751	184
4639.668227	35.519897	0.035935	0.988441	185
4640.689399	26.902800	0.035932	0.748716	186
4641.862620	6.055153	0.035934	0.168508	187
4642.785154	23.530363	0.035933	0.654839	188
4643.760048	81.100586	0.035934	2.256930	189
4644.859328	25.101421	0.035935	0.698521	190
4645.868088	58.338398	0.035937	1.623368	191
4647.226442	-342.933502	0.035933	-9.543640	192
4648.010259	29.464024	0.035939	0.819843	193
4648.957978	58.259075	0.035937	1.621152	194
4650.019620	69.082977	0.035933	1.922573	195
